>> delta_h'

ans =

   1.0e+04 *

   -1.4840   -0.2977    0.7455    1.1292    3.0512    3.6181

>> H

H =

   1.0e+04 *

    1.5040    0.3137   -0.7325   -1.1172   -3.0512   -3.6101
>> delta_h'

ans =

   1.0e+06 *

   -0.3728   -0.0747    0.2356    0.3113    0.8641    1.0486

>> H

H =

   1.0e+06 *

    0.3879    0.0778   -0.2429   -0.3224   -0.8946   -1.0847
>> delta_h'

ans =

   1.0e+06 *

   -3.3107   -1.8315   -0.1494    0.1711    3.1201    4.1943

>> H

H =

   1.0e+06 *

    3.6986    1.9094   -0.0936   -0.4936   -4.0146   -5.2790
>> delta_h'

ans =

   1.0e+06 *

   -9.4990   -7.8902   -5.8689   -5.5897   -2.1003   -0.6991

>> H

H =

   1.0e+07 *

    1.3198    0.9800    0.5775    0.5096   -0.1914   -0.4580
>> delta_h'

ans =

   1.0e+06 *

    2.5130    0.5468   -1.5935   -2.0517   -5.8269   -7.1303

>> H

H =

   1.0e+07 *

    1.0685    0.9253    0.7369    0.7148    0.3913    0.2550